# Created by Octave 4.0.1, Sat Apr 16 21:50:46 2016 Eastern Daylight Time <unknown@WLMGZP8H72>
# name: v
# type: matrix
# rows: 1
# columns: 10
 2104 1600 2400 1416 3000 1985 1534 1427 1380 1494


